label,,,,,,,,,,,,,,,,,,,,,,,,,,
1,0.054852865,0.03478317,0.017681982,0.016068663,0.010647909,0.013422819,0.012132163,0.016068663,0.011809499,0.018133712,0.017746515,0.036783686,0.056659783,0.053497677,0.019359835,0.013100155,0.008518327,0.011293237,0.007034073,0.007808467,0.007227672,0.01135777,0.018585441,0.034266908,0.063435725,0.427723283
1,0.026984127,0.027365079,0.013079365,0.017142857,0.011619048,0.013142857,0.015111111,0.016380952,0.019936508,0.027365079,0.041079365,0.07752381,0.122857143,0.090984127,0.045587302,0.026920635,0.016507937,0.017396825,0.010666667,0.010920635,0.014285714,0.016190476,0.013460317,0.019555556,0.035619048,0.25231746
1,0.0353,0.0259,0.0134,0.0199,0.0181,0.0194,0.0179,0.0264,0.0237,0.0343,0.0387,0.0611,0.0711,0.0655,0.0415,0.0293,0.0205,0.0177,0.0175,0.0176,0.0189,0.0168,0.015,0.0178,0.0475,0.2692
1,0.061929596,0.042861799,0.018578879,0.023956975,0.011734029,0.011408083,0.008637549,0.011245111,0.011245111,0.013363755,0.016134289,0.033246415,0.046284224,0.041232073,0.020045632,0.015808344,0.011897001,0.011897001,0.010919166,0.011897001,0.011897001,0.013852673,0.018089961,0.032920469,0.062418514,0.426499348
1,0.043273815,0.029610996,0.010645819,0.019244681,0.011722732,0.014345138,0.011772056,0.016441419,0.014452007,0.022204137,0.02386472,0.038892177,0.044424715,0.045213903,0.026857058,0.025747263,0.018249975,0.024596363,0.016005722,0.023798954,0.01656473,0.025689718,0.019326888,0.021751998,0.080620499,0.354682516
1,0.020273598,0.020410397,0.00872777,0.017373461,0.012284542,0.012311902,0.011080711,0.018659371,0.019261286,0.02998632,0.043064295,0.083173735,0.135348837,0.114145007,0.048563611,0.03247606,0.02123119,0.021012312,0.014883721,0.016443228,0.014281806,0.017400821,0.016114911,0.013105335,0.036005472,0.202380301
1,0.024674376,0.019525259,0.005392575,0.015191722,0.009750456,0.013937918,0.009300061,0.020632988,0.016688984,0.032635423,0.033962264,0.070395618,0.07526476,0.093414486,0.04017042,0.042446744,0.020998174,0.039780889,0.017419355,0.02686549,0.015934267,0.023505782,0.014790018,0.014875228,0.079683506,0.222763238
1,0.027115818,0.018669707,0.008593214,0.016303815,0.012994018,0.014158576,0.012859174,0.017725802,0.019147789,0.028684907,0.04599392,0.086961852,0.122646367,0.102052074,0.053128371,0.035733549,0.022236932,0.021182701,0.015813475,0.017088359,0.014244386,0.016781897,0.013251447,0.012050113,0.041776993,0.202804746
1,0.037938798,0.029016927,0.014508463,0.018719253,0.014425081,0.014758609,0.011590094,0.01646794,0.015759193,0.020511965,0.028266489,0.057116651,0.078837655,0.067956308,0.029558909,0.023388643,0.014925373,0.016009339,0.012298841,0.014591845,0.013841407,0.020011673,0.017009922,0.020595347,0.088926874,0.302968398
1,0.065587153,0.033554007,0.015756573,0.026139807,0.020682598,0.018921307,0.015024099,0.015242164,0.014962594,0.016282165,0.018328618,0.023047762,0.025323463,0.023897655,0.018541091,0.016002594,0.014520873,0.015527325,0.015683884,0.019944533,0.022270557,0.026833141,0.024652494,0.025798732,0.082529103,0.384945707
1,0.072602649,0.04341607,0.018735634,0.019041556,0.01105452,0.009591057,0.007805136,0.008507929,0.008268153,0.010037537,0.012840441,0.019008483,0.023167364,0.021100326,0.012418765,0.01083128,0.008441784,0.009921783,0.008797315,0.01105452,0.012997536,0.019562449,0.022993733,0.036528699,0.085376945,0.475898335
1,0.062772012,0.036324071,0.015902243,0.017408771,0.013056579,0.016404419,0.016069635,0.019250084,0.015232675,0.017743555,0.022095748,0.034650151,0.046702377,0.038165383,0.022932708,0.017743555,0.013223971,0.013223971,0.012721794,0.016069635,0.015734851,0.016404419,0.017241379,0.026113157,0.056578507,0.400234349
1,0.0556056,0.028800974,0.013085819,0.020986001,0.014010956,0.01364577,0.010785149,0.013937918,0.013037127,0.0191479,0.021485088,0.036482045,0.043676202,0.045319537,0.022848448,0.022507608,0.015532562,0.023055386,0.014181376,0.019561777,0.018855752,0.023907486,0.018088862,0.020742544,0.121984175,0.328727937
1,0.062081558,0.032842362,0.018149726,0.020998174,0.014534388,0.014169203,0.011564212,0.014230067,0.013657943,0.018113208,0.022264151,0.034790018,0.041351187,0.039793061,0.023810103,0.020912964,0.01407182,0.016214242,0.013256239,0.016055995,0.017906269,0.024966525,0.022446744,0.027157638,0.068387097,0.376275107
1,0.025155371,0.019565289,0.004809115,0.016753806,0.01169807,0.016951103,0.014797277,0.025862352,0.023757851,0.036804117,0.041637894,0.062839104,0.067450922,0.085889974,0.044539805,0.042065371,0.026610437,0.035661438,0.021801322,0.025689718,0.017773174,0.022393213,0.015093223,0.012248857,0.054807471,0.227343724
1,0.01816835,0.01504826,0.005539843,0.015667789,0.010823793,0.013813692,0.011111111,0.020359147,0.018725028,0.032085297,0.039367003,0.058213244,0.061539843,0.088395062,0.045553311,0.039075196,0.022891134,0.040619529,0.017468013,0.023838384,0.014702581,0.02291807,0.010496072,0.011640853,0.15362514,0.188314254
1,0.055581254,0.034899574,0.015873402,0.017833232,0.010225198,0.011077298,0.008338405,0.010992088,0.010456482,0.015191722,0.018429702,0.030639075,0.038101035,0.037468046,0.019379184,0.016238588,0.009920876,0.012927572,0.00788801,0.014083993,0.011917225,0.020073037,0.020231284,0.030456482,0.094388314,0.427388923
1,0.03100426,0.022361534,0.008326233,0.016688984,0.010383445,0.011917225,0.010407791,0.017212416,0.016798539,0.028046257,0.0382958,0.072696287,0.09143031,0.087985393,0.043737066,0.036287279,0.01982958,0.023858795,0.015447352,0.019013999,0.014996957,0.019646987,0.015849057,0.014741327,0.056348144,0.256688984
1,0.029442892,0.018322226,0.0064905,0.016891836,0.009781225,0.014146809,0.010359995,0.020240438,0.016585914,0.03012088,0.032874175,0.061572933,0.069163098,0.092264316,0.040166686,0.038992608,0.020174293,0.043713723,0.018462785,0.02716915,0.015965803,0.023398872,0.01320424,0.015742563,0.091511914,0.223240124
1,0.040761364,0.023183026,0.011809877,0.016122575,0.012719729,0.013847946,0.011700695,0.016504713,0.018433599,0.027714088,0.037886232,0.067929541,0.093096044,0.079848601,0.042617462,0.029151654,0.019707392,0.016377334,0.013211049,0.014976162,0.012792517,0.01554027,0.015194526,0.017214397,0.048531499,0.283127707
1,0.031805925,0.023511229,0.006880734,0.016860675,0.010637598,0.013539509,0.011377462,0.018126665,0.016309888,0.026865279,0.028583407,0.049225609,0.053377068,0.079140771,0.033096577,0.032019664,0.020009207,0.033811779,0.017131959,0.024810102,0.017230607,0.027712012,0.016671599,0.018866529,0.099437703,0.272960442
1,0.032251211,0.021331201,0.00717377,0.018882167,0.012351408,0.015572056,0.011054203,0.020811201,0.015728616,0.029466692,0.030053789,0.055813381,0.057026716,0.077155765,0.03611487,0.040314013,0.020867115,0.03627702,0.018004317,0.030434005,0.017283026,0.028801315,0.0148284,0.016874853,0.088209968,0.247318922
1,0.036027753,0.024222811,0.009316466,0.016058645,0.012748848,0.014072766,0.012025596,0.017443856,0.017811611,0.025804158,0.030511425,0.055003923,0.069248308,0.07358782,0.033330882,0.029113955,0.018338727,0.028684907,0.015077964,0.019736197,0.015997352,0.022114347,0.016892223,0.01716191,0.097994508,0.271673041
1,0.034283219,0.022000218,0.011045602,0.017341777,0.012446774,0.014666812,0.01326564,0.017341777,0.018269826,0.027113586,0.03956036,0.067547403,0.095188703,0.081795684,0.040852349,0.03089857,0.01978018,0.023146632,0.015067147,0.017851294,0.015467482,0.020508061,0.013847946,0.016140772,0.061160243,0.253411945
1,0.05354516,0.030670786,0.013606943,0.022715014,0.015065706,0.016953516,0.013190154,0.016487692,0.015212808,0.02242081,0.025988036,0.041666667,0.04903403,0.045785525,0.027250662,0.024517015,0.018914877,0.022984701,0.017541924,0.021489163,0.021415612,0.024749926,0.019564578,0.020900755,0.071479357,0.326848583
1,0.033012781,0.024832623,0.008289714,0.016725502,0.011308582,0.015130858,0.012294583,0.019379184,0.018149726,0.029190505,0.035106512,0.05906269,0.069847839,0.071722459,0.040182593,0.033402313,0.021886792,0.026877663,0.017297626,0.022434571,0.017054169,0.023688375,0.015934267,0.016920268,0.0669507,0.273317103
1,0.043240933,0.026117194,0.010201901,0.017937588,0.013580612,0.015257637,0.013966986,0.01795403,0.018365065,0.026380257,0.033992634,0.052160402,0.061704646,0.057446319,0.035242182,0.029389037,0.021439611,0.02154648,0.015882411,0.019663937,0.01772385,0.020633981,0.018726776,0.018858308,0.057076387,0.315510835
1,0.038940962,0.029324407,0.009263542,0.015593427,0.009275715,0.012757152,0.008265368,0.014777845,0.011564212,0.020584297,0.021801582,0.041387705,0.048046257,0.048861838,0.023384054,0.023603165,0.014047474,0.022909312,0.013122337,0.022349361,0.015143031,0.026828971,0.01872185,0.022544127,0.137321972,0.329580037
1,0.062599179,0.03625171,0.018194254,0.022708618,0.013296854,0.013351573,0.01119015,0.013844049,0.011545828,0.015184679,0.01745554,0.026538988,0.030259918,0.030123119,0.018057456,0.016333789,0.012065663,0.013543092,0.013679891,0.018331053,0.020136799,0.025690834,0.021969904,0.027168263,0.07879617,0.411682627
1,0.063286671,0.043761412,0.016396835,0.017541083,0.010115642,0.009786975,0.006926354,0.008423615,0.008155813,0.011296409,0.014023128,0.024297018,0.033463177,0.028253195,0.01458308,0.012659769,0.009677419,0.013694461,0.010517346,0.015033475,0.014303104,0.023810103,0.0217042,0.033548387,0.097102861,0.437638466
1,0.057297626,0.034047474,0.016859404,0.021217285,0.013511869,0.012903226,0.010225198,0.012891053,0.013171029,0.017285453,0.021314668,0.037480219,0.050967742,0.043627511,0.022678028,0.018186245,0.013633597,0.016104687,0.012343274,0.016250761,0.016956786,0.023858795,0.022678028,0.026731589,0.082251978,0.365526476
1,0.037838577,0.029849521,0.010314637,0.017920657,0.011463748,0.013406293,0.01127223,0.016005472,0.016662107,0.024377565,0.033242134,0.05619699,0.07129959,0.065253078,0.035950752,0.028372093,0.019370725,0.018331053,0.014062927,0.01622435,0.014692202,0.018686731,0.02002736,0.021887825,0.055403557,0.321887825
1,0.018107953,0.01433149,0.004753004,0.012611101,0.006995995,0.011951173,0.007293534,0.018207133,0.013591455,0.03114629,0.033862293,0.082517643,0.096429525,0.109574671,0.040087736,0.043822239,0.017325958,0.037379363,0.011996948,0.026938776,0.010688537,0.025927904,0.010890711,0.015613199,0.107888613,0.190066756
1,0.049095607,0.033973869,0.015795029,0.016759472,0.010062962,0.010845434,0.00964443,0.013484005,0.011737089,0.019670998,0.022637115,0.039815118,0.052589438,0.053462896,0.026458493,0.023474178,0.014011719,0.01830622,0.012210212,0.01634094,0.013010882,0.022182189,0.021672672,0.027805073,0.068093314,0.376860647
1,0.044592153,0.030653072,0.016068663,0.020456892,0.013939081,0.013810015,0.014068147,0.017423851,0.017552917,0.02458699,0.032137326,0.051303562,0.068598348,0.052336087,0.029362416,0.022973671,0.01716572,0.015487868,0.013487352,0.015294269,0.013810015,0.020134228,0.018520909,0.02387713,0.050529169,0.34183015
1,0.05212752,0.029216402,0.015298741,0.019244681,0.014887705,0.015150768,0.012791424,0.015487817,0.015224754,0.021020354,0.026191181,0.042492848,0.049636645,0.047671895,0.029627437,0.023872941,0.018151327,0.018554142,0.015512479,0.01841439,0.017789616,0.021456052,0.019532406,0.023330374,0.063200815,0.354115287
1,0.092926901,0.051954885,0.018208872,0.01448489,0.008270034,0.006543685,0.005072178,0.005384565,0.005376344,0.006798527,0.008582421,0.01216665,0.0155207,0.014353359,0.008204268,0.006856072,0.005474993,0.006469698,0.005179047,0.006091546,0.007842557,0.013966986,0.019910559,0.04969419,0.093576338,0.511089737
1,0.045098813,0.028213475,0.011969353,0.020288711,0.012955838,0.014238269,0.011171944,0.015348065,0.014345138,0.021012134,0.024744336,0.039837559,0.044457598,0.048370655,0.026552892,0.024283976,0.017518332,0.024144224,0.015553583,0.021768439,0.016227681,0.026330933,0.019409095,0.021908191,0.095088948,0.339161816
1,0.048748808,0.030885206,0.012651672,0.021036796,0.014156062,0.013605274,0.01169807,0.014632863,0.013827234,0.019729703,0.024374404,0.042797014,0.055103417,0.052415244,0.026191181,0.021768439,0.016277005,0.020247608,0.015578245,0.019014501,0.017871823,0.024382625,0.021390286,0.021332741,0.07587715,0.344406629
1,0.042105904,0.026792453,0.009519172,0.016883749,0.010480828,0.01432745,0.009726111,0.017674985,0.013889227,0.024552648,0.025769933,0.047595861,0.053073646,0.056676811,0.030663421,0.030943396,0.017833232,0.027157638,0.014035301,0.023384054,0.014254413,0.027072428,0.016177724,0.020779063,0.08737675,0.321253804
1,0.047946429,0.02595063,0.01228729,0.020992647,0.016982668,0.018009454,0.015955882,0.019359244,0.020265231,0.027295168,0.034036239,0.048912815,0.056276261,0.052103466,0.036076681,0.028463761,0.021530987,0.020514706,0.018122374,0.019858193,0.020120798,0.023043592,0.019535189,0.018679097,0.059627101,0.298054097
1,0.041946703,0.024216365,0.008795276,0.018401306,0.014107109,0.015924315,0.014643884,0.018675285,0.021761739,0.029354864,0.039408206,0.054622413,0.060146718,0.05820091,0.041751004,0.032631426,0.022907977,0.021739374,0.017277434,0.019463673,0.018267112,0.020458942,0.017573779,0.015583239,0.058514029,0.293626919
1,0.029308763,0.02238806,0.009672309,0.016759777,0.010631202,0.013424498,0.011715167,0.020011673,0.017093304,0.030225965,0.03381139,0.069457183,0.069040273,0.087134162,0.036187776,0.040523639,0.016217794,0.02830818,0.011673476,0.01692654,0.01142333,0.020428583,0.015759193,0.01901109,0.057700325,0.285166347
1,0.039469374,0.024802562,0.011027405,0.015667649,0.010681661,0.012537759,0.012919897,0.017378171,0.020617244,0.029752156,0.040160862,0.060486953,0.069949412,0.060759908,0.039378389,0.028751319,0.020326091,0.018342614,0.014976162,0.014430251,0.013138261,0.016158969,0.016322743,0.020799214,0.049004622,0.322160352
1,0.033488461,0.022258249,0.007270647,0.018760252,0.014552737,0.017787526,0.015151631,0.022422277,0.02176235,0.031821476,0.039748236,0.061934007,0.076643143,0.070619874,0.044295251,0.034899866,0.026145337,0.026282663,0.020644669,0.022952508,0.019301926,0.020911692,0.01564753,0.013354949,0.053354949,0.247987793
1,0.036187558,0.023176364,0.010595708,0.017747112,0.011848182,0.013430549,0.01020431,0.015583239,0.015415497,0.025150129,0.031457231,0.057104995,0.068701564,0.081371683,0.034957449,0.030707983,0.017484316,0.027392282,0.013782808,0.020168189,0.015572056,0.023310558,0.017204746,0.019603458,0.10101428,0.260827751
1,0.033488372,0.023365253,0.0075513,0.017400821,0.010259918,0.012804378,0.00746922,0.016826265,0.011764706,0.023392613,0.020547196,0.044787962,0.051135431,0.069493844,0.024815321,0.030807114,0.0149658,0.037783858,0.014090287,0.028317373,0.013488372,0.031846785,0.015950752,0.021367989,0.143337893,0.272941176
1,0.031535466,0.017341777,0.00767915,0.016777669,0.013374823,0.018106052,0.01584962,0.022891873,0.022800888,0.037176548,0.048331332,0.078756778,0.096571678,0.082287004,0.048677075,0.035939149,0.024584198,0.025093715,0.018415402,0.019234269,0.017305383,0.016304546,0.013101867,0.012392183,0.043654693,0.215816865
1,0.050154614,0.026135631,0.013179435,0.019636863,0.013096754,0.01481653,0.012526251,0.018421444,0.017015858,0.027375854,0.031278422,0.048037967,0.050096737,0.052064558,0.03365965,0.029037752,0.01960379,0.021282225,0.014824798,0.017536752,0.014692507,0.020637309,0.017437534,0.022787029,0.064574273,0.330089461
1,0.024566049,0.017039325,0.00665637,0.014244386,0.011351378,0.014648916,0.014477297,0.021329803,0.025019614,0.036861332,0.050885064,0.079030597,0.09789644,0.089009022,0.05461165,0.040869864,0.027741002,0.024578307,0.01831421,0.018485829,0.014918604,0.015457978,0.01207463,0.0111675,0.040857605,0.217907228
1,0.03152992,0.020604319,0.008470975,0.017545822,0.013083882,0.016243025,0.014878722,0.021202599,0.022018944,0.033369491,0.043786274,0.068807801,0.081824587,0.073605225,0.045156168,0.035404762,0.02336088,0.024400881,0.017909263,0.019888619,0.017199155,0.019620232,0.016052917,0.015130336,0.04847187,0.250433334
1,0.050296612,0.026003567,0.015922408,0.021108564,0.017669323,0.01584962,0.014666812,0.017068821,0.019034101,0.025057321,0.033082214,0.052352877,0.062525021,0.052553044,0.031644648,0.020671835,0.016177166,0.015303709,0.014029916,0.014302871,0.015649452,0.019670998,0.018924919,0.02223678,0.057993959,0.330203443
1,0.058704087,0.028862911,0.01644964,0.02351945,0.018200651,0.016646937,0.015857749,0.017863602,0.017871823,0.022565848,0.027514715,0.037437112,0.042065371,0.036056032,0.023790734,0.019762586,0.015578245,0.015101444,0.013490184,0.015323403,0.017436125,0.021513597,0.020370918,0.024933412,0.067056328,0.366027095
1,0.030758621,0.02453202,0.006776534,0.013055083,0.00782266,0.009814599,0.007853112,0.014957456,0.012822212,0.022579489,0.026255262,0.048883117,0.06262069,0.086106583,0.029676668,0.02756292,0.01523511,0.027797582,0.013762651,0.02221227,0.013827138,0.02995253,0.017857591,0.021388267,0.131793999,0.274095835
1,0.039173367,0.023131633,0.010422375,0.016975498,0.01171958,0.013637431,0.010338504,0.015924315,0.013777216,0.02371873,0.027140669,0.049998323,0.058212093,0.069473178,0.030037015,0.030199166,0.016986681,0.034006911,0.014699798,0.023170773,0.014733346,0.025714861,0.015756573,0.020436577,0.108009125,0.282606265
1,0.043763875,0.028551152,0.014757797,0.020617244,0.014848783,0.014466645,0.012446774,0.016067984,0.015485679,0.023692543,0.033318776,0.051934345,0.06492703,0.062252065,0.032518106,0.023656149,0.016650289,0.018870328,0.012137424,0.016231757,0.015613058,0.021308731,0.0178149,0.022473341,0.06621902,0.319376206
1,0.051172517,0.030187983,0.012094204,0.020430985,0.015007325,0.014487324,0.012625387,0.016058508,0.016913993,0.022393568,0.026917012,0.039151001,0.045105845,0.042131219,0.028477014,0.025178086,0.018837436,0.020257652,0.017187972,0.01969292,0.018848618,0.023422386,0.020134641,0.021101954,0.065229303,0.356955146
1,0.02617284,0.017325103,0.007983539,0.015473251,0.011934156,0.01382716,0.013168724,0.018024691,0.018683128,0.031604938,0.041851852,0.086419753,0.132386831,0.111728395,0.049670782,0.037283951,0.025102881,0.023497942,0.015596708,0.015349794,0.014567901,0.017695473,0.012839506,0.011687243,0.039711934,0.190411523
1,0.058563603,0.033804017,0.014887401,0.017346318,0.0113451,0.012014607,0.009348752,0.010724285,0.009068777,0.01279367,0.012744979,0.021217285,0.022325015,0.031880706,0.013670116,0.016007304,0.009689592,0.023384054,0.009531345,0.016530736,0.011710286,0.02482045,0.019306147,0.034692635,0.150785149,0.391807669
1,0.069207037,0.038272326,0.018302343,0.0148003,0.011256566,0.009046944,0.008671725,0.009088635,0.011339948,0.017260068,0.028683399,0.045193029,0.050863003,0.036104394,0.019886601,0.013591262,0.009130326,0.011089802,0.008796798,0.008755107,0.010672893,0.016676395,0.018886017,0.030726257,0.072333861,0.411364963
1,0.049495096,0.030886908,0.012513559,0.02196303,0.015130336,0.016438724,0.011814634,0.015695067,0.014604744,0.021308836,0.023282601,0.037344978,0.043467564,0.044971652,0.025357011,0.023942386,0.016489046,0.020492491,0.015918723,0.021320018,0.020514856,0.026380238,0.02220346,0.02156604,0.074578129,0.352319873
1,0.020409257,0.016770106,0.003115699,0.013516845,0.006435062,0.01420823,0.007975046,0.022238658,0.014956784,0.033041773,0.032060971,0.068500713,0.0720952,0.091959567,0.043755561,0.050019116,0.023746485,0.039800195,0.016684353,0.033304392,0.013336406,0.028296763,0.01102107,0.015328381,0.080783069,0.226640298
1,0.005878429,0.007754523,0.000792129,0.005294755,0.002709914,0.006879013,0.005127991,0.018010506,0.01438339,0.033602935,0.034853665,0.085758359,0.085508213,0.207329275,0.050029184,0.053864754,0.018760944,0.060326857,0.015050446,0.023388643,0.005711665,0.016801468,0.005586592,0.008504961,0.09722338,0.130868006
1,0.023761205,0.019340072,0.007263017,0.015117299,0.00963189,0.012508106,0.010062941,0.017768453,0.016994087,0.029525081,0.039156971,0.079526988,0.106786191,0.093618158,0.040217433,0.032523364,0.015922182,0.02411215,0.012641617,0.021430479,0.013713523,0.023002098,0.014533664,0.016738508,0.071028037,0.233076483
1,0.036647611,0.026847693,0.012964475,0.016945692,0.016333197,0.013372805,0.013679053,0.01725194,0.019906084,0.025622703,0.037770519,0.076868109,0.106267864,0.079216007,0.036851776,0.025316456,0.017864434,0.013883218,0.009493671,0.012964475,0.014291548,0.017149857,0.014189465,0.019701919,0.040118416,0.278481013
1,0.061650794,0.039047619,0.017206349,0.015492063,0.009714286,0.008888889,0.008825397,0.010666667,0.012380952,0.017269841,0.020507937,0.034857143,0.056634921,0.043301587,0.021714286,0.015619048,0.012761905,0.011492063,0.01015873,0.008761905,0.01231746,0.017333333,0.019428571,0.031555556,0.054603175,0.427809524
1,0.032222379,0.022605238,0.006684513,0.019596946,0.012771542,0.017614031,0.012938524,0.021384179,0.018529825,0.029261051,0.033132954,0.05875953,0.072890413,0.071661527,0.039512203,0.036000355,0.024055897,0.030077699,0.019716965,0.026811106,0.019372564,0.025355229,0.015886807,0.014822294,0.071802418,0.246533811
1,0.020091414,0.015602907,0.004915984,0.011887146,0.008368682,0.011525435,0.010185459,0.020231166,0.020691526,0.035094209,0.042369537,0.076773207,0.091258097,0.121428102,0.050697116,0.042821676,0.02444839,0.032586893,0.017156621,0.020946368,0.012002236,0.019491302,0.012125547,0.012322844,0.062148565,0.202829568
1,0.059233926,0.028673051,0.015129959,0.017373461,0.011326949,0.010314637,0.009603283,0.012612859,0.015677155,0.022106703,0.027606019,0.042571819,0.04998632,0.052393981,0.031737346,0.022708618,0.015978112,0.016388509,0.010615595,0.012229822,0.011545828,0.016689466,0.016990424,0.021860465,0.075841313,0.372804378
1,0.065050379,0.043517887,0.017048187,0.01367098,0.007548394,0.007744093,0.005910113,0.007794415,0.008118717,0.012440871,0.015381949,0.027565615,0.033559599,0.030741532,0.016824531,0.013246033,0.008666674,0.0091699,0.00673764,0.008845599,0.008398287,0.015275712,0.019200877,0.038636592,0.09515449,0.463750937
1,0.049489505,0.035292934,0.010640439,0.014705389,0.007559576,0.009175492,0.006424522,0.010757859,0.007553985,0.01439227,0.01239614,0.022835288,0.020553996,0.034493363,0.014621518,0.018054639,0.009298503,0.025116581,0.008923879,0.021784105,0.010668396,0.025977657,0.016634423,0.033945406,0.148742494,0.409961643
1,0.073785253,0.031796565,0.017938494,0.02251557,0.01471739,0.01249674,0.009163085,0.009663312,0.008446688,0.010987126,0.012487807,0.019807198,0.022197568,0.021742004,0.012707549,0.010485113,0.007721359,0.00956148,0.007589157,0.011094318,0.012771864,0.020650438,0.021690195,0.030101153,0.182798984,0.385083591
1,0.049001368,0.028645691,0.014227086,0.019534884,0.014062927,0.014610123,0.013269494,0.01622435,0.016552668,0.024213406,0.030807114,0.04998632,0.053406293,0.048536252,0.030588235,0.025198358,0.018932969,0.018823529,0.014801642,0.015540356,0.015485636,0.018495212,0.017236662,0.024541724,0.05630643,0.350971272
1,0.04247619,0.025460317,0.013460317,0.019301587,0.01568254,0.015492063,0.015365079,0.020380952,0.019746032,0.030222222,0.038730159,0.063301587,0.082539683,0.062857143,0.035111111,0.022539683,0.015936508,0.015555556,0.013333333,0.013650794,0.015873016,0.020698413,0.018285714,0.021460317,0.043238095,0.299301587
1,0.049329685,0.031326949,0.014774282,0.021614227,0.017729138,0.018331053,0.014719562,0.018823529,0.018112175,0.023173735,0.032175103,0.046812585,0.055622435,0.047606019,0.028536252,0.021504788,0.017181943,0.019534884,0.015896033,0.016388509,0.017783858,0.020191518,0.020656635,0.024213406,0.056853625,0.331108071
1,0.024857153,0.019761983,0.006678313,0.019216072,0.013320231,0.01867016,0.015922408,0.022819085,0.023437784,0.034064854,0.04287222,0.080048768,0.107071369,0.089402045,0.048476908,0.035302253,0.025712414,0.027550315,0.019871165,0.022691706,0.017887688,0.018815737,0.013847946,0.011718892,0.043418132,0.196564399
1,0.023809524,0.023809524,0.010125889,0.018062397,0.01833607,0.021072797,0.020799124,0.032840722,0.035303777,0.045977011,0.065681445,0.086480569,0.088669951,0.075259989,0.045703339,0.032019704,0.01833607,0.021620142,0.013409962,0.014778325,0.012315271,0.017241379,0.011494253,0.008757526,0.040503558,0.19759168
1,0.028418993,0.018784321,0.006609451,0.016786689,0.01216665,0.016498964,0.013284667,0.021127224,0.020338036,0.032134754,0.040207491,0.074233008,0.097966196,0.08735326,0.044917957,0.0370754,0.023034428,0.027851764,0.018225313,0.024251093,0.017296373,0.022557627,0.013695702,0.013103811,0.059295978,0.212784848
1,0.03325277,0.025845911,0.009330505,0.016893558,0.010530729,0.013309329,0.010670481,0.017296373,0.016293446,0.025730821,0.031953898,0.066456217,0.111703002,0.079403834,0.035661438,0.031551083,0.019836572,0.022722041,0.015907073,0.018496597,0.014394463,0.019080267,0.01621946,0.019713262,0.052752294,0.264994574
1,0.025920275,0.016780469,0.006271219,0.014686248,0.011230212,0.014480259,0.012881938,0.020514972,0.020473012,0.03354568,0.046309365,0.090627503,0.129643334,0.100656113,0.049113103,0.035185962,0.022895289,0.022357429,0.016223536,0.018428381,0.014865535,0.016791913,0.012748426,0.011668892,0.043364486,0.192336449
1,0.046578541,0.028780704,0.013301108,0.015446713,0.010234783,0.010259446,0.008713952,0.014542435,0.01447667,0.02397981,0.03185525,0.058473907,0.063990004,0.076986946,0.037017855,0.032332051,0.017756733,0.021447831,0.013531288,0.016252343,0.012495479,0.018825425,0.016819572,0.023272829,0.062592483,0.310035842
1,0.040634921,0.026031746,0.014666667,0.020507937,0.013714286,0.014349206,0.013015873,0.017142857,0.019428571,0.025015873,0.037333333,0.065079365,0.103746032,0.072190476,0.039047619,0.022603175,0.017460317,0.017142857,0.013587302,0.015428571,0.014285714,0.01752381,0.014349206,0.020126984,0.042793651,0.282793651
1,0.039706027,0.026733748,0.010169018,0.017633422,0.012298182,0.013999868,0.011139062,0.016605833,0.016638716,0.025278682,0.032932163,0.056772221,0.067664661,0.066004077,0.035003782,0.028649173,0.018636349,0.021135444,0.014797277,0.0182993,0.016268784,0.021324521,0.018365065,0.019063826,0.062428069,0.312452731
1,0.056221433,0.029849397,0.016170136,0.021949295,0.016507185,0.016260564,0.014230048,0.017904706,0.017830719,0.022376772,0.026544671,0.033540495,0.036968531,0.036557496,0.026824175,0.023963369,0.017978692,0.018718556,0.015561803,0.017436125,0.018110223,0.022919338,0.021702673,0.0254842,0.065288876,0.363100523
1,0.038920635,0.029904762,0.012444444,0.017650794,0.010349206,0.012,0.009079365,0.014793651,0.015365079,0.018920635,0.025968254,0.048634921,0.064380952,0.059619048,0.028825397,0.023238095,0.014285714,0.027746032,0.011492063,0.020952381,0.015301587,0.026857143,0.020444444,0.022603175,0.089015873,0.321206349
1,0.056126984,0.033015873,0.016253968,0.015619048,0.011619048,0.011301587,0.010666667,0.012507937,0.012253968,0.016507937,0.021269841,0.037015873,0.050920635,0.045333333,0.016825397,0.01631746,0.011365079,0.017587302,0.009777778,0.014730159,0.012825397,0.021142857,0.019428571,0.029968254,0.094539683,0.385079365
1,0.043045267,0.030576132,0.012798354,0.018518519,0.012798354,0.013950617,0.012222222,0.016090535,0.016378601,0.021522634,0.032798354,0.056995885,0.088888889,0.06563786,0.034279835,0.026049383,0.019012346,0.019547325,0.01345679,0.015884774,0.014979424,0.01872428,0.019259259,0.019670782,0.051522634,0.305390947
1,0.048575243,0.026385657,0.011237841,0.02137326,0.015521648,0.017337402,0.013492275,0.018561892,0.016719435,0.024371543,0.028178524,0.04459279,0.049956132,0.049788289,0.029502193,0.026118634,0.018298684,0.022147625,0.016406637,0.021876788,0.019824528,0.025142094,0.02009918,0.02077818,0.081285524,0.312427999
1,0.033477984,0.026956458,0.011326861,0.019172306,0.012270766,0.014575365,0.012491419,0.018988428,0.01962587,0.028611356,0.038859468,0.068145043,0.084657252,0.070768363,0.036689713,0.025228008,0.017014808,0.016794155,0.01256497,0.016389624,0.015457978,0.020888497,0.019613612,0.021060116,0.053238698,0.285132882
1,0.06591365,0.038053665,0.018965177,0.021324521,0.013070928,0.011574759,0.0099635,0.011147282,0.011632304,0.014090296,0.018784321,0.027432508,0.032997928,0.02943014,0.01922824,0.015972839,0.012388609,0.013046266,0.011961132,0.014172503,0.017066193,0.022738483,0.023338595,0.030918089,0.072202493,0.422585578
1,0.030267656,0.018927708,0.006045193,0.018385725,0.0148003,0.022054532,0.018844326,0.026974068,0.030100892,0.039981656,0.046693905,0.062077879,0.066121904,0.070040857,0.055740849,0.044942883,0.033769699,0.031309931,0.024055699,0.024972901,0.018552489,0.016718086,0.013716335,0.00929709,0.044525973,0.211081464
1,0.035202086,0.029986962,0.013852673,0.021023468,0.015645372,0.016949153,0.015808344,0.018904824,0.016460235,0.025912647,0.041558018,0.085886571,0.130378096,0.079856584,0.033409387,0.017764016,0.01743807,0.015971317,0.012059974,0.014015645,0.017764016,0.023142112,0.018252934,0.014993481,0.033083442,0.234680574
1,0.054078472,0.035815694,0.016778523,0.019553433,0.01368095,0.012842024,0.010970573,0.013551884,0.017101187,0.019876097,0.025554982,0.047237997,0.071695922,0.045560145,0.01832731,0.014132679,0.011228704,0.012261229,0.010389778,0.011099639,0.013810015,0.01832731,0.019747031,0.032330924,0.055046464,0.379001033
1,0.0519,0.033,0.0118,0.0159,0.0111,0.011,0.0099,0.0137,0.015,0.0225,0.0308,0.0511,0.0666,0.0575,0.0283,0.0219,0.0151,0.0173,0.0145,0.0164,0.013,0.0221,0.0165,0.024,0.0561,0.353
1,0.022746297,0.019343451,0.004804018,0.014139098,0.006933071,0.012464971,0.00817047,0.017869491,0.013156458,0.029024275,0.032445318,0.0724788,0.089820577,0.096735451,0.037831641,0.041562034,0.016941442,0.033264185,0.013247443,0.027987044,0.013720566,0.027896059,0.015212723,0.016067984,0.083196856,0.232940277
1,0.041142857,0.029269841,0.015936508,0.01968254,0.013333333,0.013968254,0.011746032,0.018349206,0.016126984,0.024571429,0.031619048,0.060190476,0.077650794,0.061460317,0.030666667,0.024253968,0.016444444,0.01568254,0.013269841,0.013968254,0.01415873,0.017777778,0.019047619,0.02215873,0.047174603,0.330349206
1,0.076661748,0.039451681,0.017722975,0.019581383,0.010724126,0.009406075,0.006844115,0.008232683,0.007066544,0.009356512,0.00943267,0.012487438,0.011435334,0.015242008,0.010120506,0.010784972,0.007887354,0.011501418,0.008538522,0.013107176,0.013890512,0.023280872,0.024768968,0.035109083,0.124780493,0.462584831
1,0.022110565,0.016353808,0.003160934,0.015476658,0.009416462,0.016511057,0.011649877,0.023929975,0.019514742,0.036041769,0.038460688,0.071404177,0.074353808,0.092079853,0.047404177,0.046735872,0.02568059,0.03692629,0.019673219,0.029943489,0.016259214,0.024109337,0.01215602,0.011572482,0.070948403,0.208126536
1,0.019203578,0.015676893,0.004825557,0.013416198,0.009881293,0.014534215,0.011262372,0.020913485,0.021135444,0.035398376,0.045978429,0.09001677,0.123080464,0.113495117,0.054092269,0.042903883,0.026232284,0.028624511,0.018019795,0.021020354,0.013950544,0.017616981,0.010810233,0.00949492,0.040939134,0.1774769
1,0.038495212,0.025280438,0.011901505,0.019042408,0.015075239,0.015512996,0.013926129,0.02002736,0.020875513,0.031983584,0.040082079,0.063392613,0.076826265,0.070150479,0.043228454,0.032311902,0.021395349,0.021067031,0.017400821,0.017592339,0.016880985,0.018331053,0.015458276,0.016060192,0.046757866,0.270943912
1,0.0509,0.0293,0.0185,0.0182,0.013,0.0129,0.0114,0.0176,0.0191,0.0236,0.0329,0.056,0.0785,0.0601,0.0303,0.0242,0.0131,0.0147,0.0092,0.0109,0.0113,0.0161,0.0155,0.0265,0.0443,0.3419
1,0.03887469,0.027278276,0.010669464,0.016536334,0.009010109,0.010532138,0.008010681,0.013816517,0.012138089,0.022353614,0.025500668,0.048197597,0.052363151,0.064215144,0.029811177,0.029998093,0.015372878,0.025740988,0.01169178,0.021346557,0.013068854,0.025908831,0.017520504,0.025256533,0.109288575,0.31549876
1,0.049550533,0.026185537,0.013702369,0.020289697,0.015576664,0.014830586,0.01339302,0.017305383,0.019361648,0.027768679,0.037431306,0.057811988,0.066200823,0.061123849,0.038741493,0.02844197,0.019598209,0.018142446,0.015030753,0.01603159,0.016741275,0.019689195,0.016959639,0.019998544,0.055755723,0.294337082
1,0.043381737,0.025439458,0.01424828,0.020471667,0.015394694,0.015776832,0.013356626,0.016268152,0.016595698,0.023183026,0.033282382,0.059158569,0.082541762,0.066146231,0.035156676,0.023237617,0.017068821,0.015394694,0.014412054,0.015685846,0.015613058,0.019980347,0.018560978,0.020726426,0.056338028,0.30258034
1,0.036101469,0.020614152,0.009658592,0.019153157,0.014838833,0.01667366,0.013538051,0.018943353,0.018359718,0.027591074,0.037737936,0.075483502,0.102021743,0.082365058,0.037448026,0.028025939,0.018310128,0.022925806,0.015754339,0.020106809,0.016650772,0.021117681,0.015628457,0.017001717,0.069311463,0.224638566
1,0.052061754,0.032447141,0.012848969,0.0196886,0.013153135,0.015422051,0.012002236,0.015085002,0.014279373,0.019096708,0.022426096,0.03996909,0.049883266,0.046529216,0.026454244,0.023001545,0.015915294,0.018019795,0.013884779,0.017082635,0.01529052,0.020938147,0.020173621,0.024719674,0.065535497,0.374091612
1,0.033234383,0.028975219,0.010776975,0.015616933,0.011551368,0.012196696,0.010518844,0.01761745,0.015358802,0.027490965,0.035622096,0.063242127,0.094540527,0.077116675,0.041107383,0.027426433,0.017746515,0.021876613,0.014390811,0.016133196,0.014197212,0.019230769,0.018069179,0.018649974,0.04452762,0.292785235
1,0.013117431,0.014873131,0.001856346,0.01263657,0.005395704,0.01243528,0.007291189,0.01997249,0.014599152,0.032899813,0.036830569,0.085643515,0.112370419,0.120176017,0.050809076,0.047252944,0.022566901,0.034677879,0.017154423,0.027638303,0.01323485,0.022013352,0.010433557,0.009494202,0.061896827,0.192730058
1,0.03339448,0.02072042,0.010839656,0.020803802,0.015675811,0.019636455,0.015884266,0.02238806,0.022179605,0.031351622,0.041982823,0.067414325,0.080546986,0.077670308,0.043775536,0.031726841,0.022429751,0.021637622,0.015383974,0.017551905,0.014841991,0.019052781,0.017301759,0.014466772,0.04690236,0.25444009
1,0.062142422,0.03424224,0.015861229,0.022239805,0.015228241,0.013828363,0.01117468,0.013524041,0.012233719,0.015642118,0.017431528,0.025283019,0.029981741,0.030249544,0.016956786,0.015544735,0.012038953,0.016810712,0.011905052,0.016177724,0.015727328,0.025429093,0.023018868,0.028241023,0.122057212,0.377029823
1,0.033242134,0.025554036,0.011956224,0.021313269,0.015540356,0.01751026,0.014227086,0.019452804,0.020300958,0.026019152,0.034418605,0.065116279,0.109165527,0.084678523,0.037099863,0.026703146,0.020629275,0.019042408,0.016662107,0.017701778,0.018440492,0.021586867,0.017346101,0.018331053,0.047195622,0.240766074
1,0.007206027,0.010408705,0.002402009,0.011318557,0.005877643,0.011518725,0.008316046,0.019034101,0.016886851,0.03206318,0.044528151,0.112239327,0.171925611,0.15307348,0.054809477,0.04201696,0.020544455,0.031972195,0.014430251,0.022509735,0.009498854,0.016632092,0.006641919,0.006678313,0.053026167,0.114441169
1,0.01610437,0.015586465,0.004850219,0.011130841,0.007382197,0.010711585,0.007702805,0.017395022,0.014772615,0.030317977,0.0396156,0.100243333,0.152896978,0.12546447,0.04472066,0.038029003,0.018587024,0.027350301,0.013449081,0.020601098,0.01181316,0.021119003,0.010785571,0.011435007,0.057586071,0.170349545
1,0.04811402,0.026329915,0.014766894,0.022952708,0.017741521,0.018043456,0.014694206,0.018367758,0.016852488,0.025256366,0.02830368,0.045452512,0.051150152,0.055925209,0.03137336,0.029852499,0.018569048,0.027118303,0.018406898,0.024579806,0.021375932,0.028706261,0.017853349,0.022796149,0.074768236,0.280649274
1,0.070095759,0.03247606,0.019589603,0.023666211,0.016990424,0.014829001,0.011463748,0.012093023,0.012968536,0.016497948,0.018440492,0.029247606,0.036087551,0.034528044,0.019753762,0.015430917,0.010971272,0.015567715,0.01124487,0.014911081,0.014500684,0.020738714,0.022872777,0.032038304,0.078495212,0.394500684
1,0.034119916,0.023540757,0.009331216,0.018946055,0.01419536,0.016038913,0.013613932,0.019087867,0.020605253,0.030234273,0.040274548,0.063460775,0.074139202,0.06665154,0.037197232,0.029014692,0.01948494,0.020704521,0.015131318,0.018478076,0.017286857,0.020264904,0.019073685,0.016393443,0.062482274,0.280248454
1,0.071076255,0.03347473,0.01552892,0.02200684,0.013843675,0.013186018,0.009971721,0.012544803,0.011681628,0.016737365,0.017986913,0.02931505,0.053903193,0.044358949,0.019154253,0.017197725,0.012133767,0.014846602,0.011796718,0.013868337,0.013958765,0.019918779,0.021497156,0.029841176,0.087016211,0.373154451
1,0.054437539,0.042040709,0.015717997,0.018365065,0.011656966,0.010571833,0.009634672,0.012289961,0.013613495,0.020000986,0.027490053,0.047186873,0.059402848,0.049858604,0.029980928,0.021916412,0.01633455,0.014312255,0.012092664,0.012240637,0.013703923,0.018521259,0.019137812,0.035760087,0.061474466,0.352257407
1,0.057138698,0.030188885,0.0171962,0.022800888,0.016850457,0.015103541,0.012974488,0.015940605,0.013811551,0.021854642,0.027550315,0.03974233,0.047894603,0.046675401,0.026149143,0.021581687,0.015831423,0.015503876,0.011937257,0.014284674,0.016650289,0.022455144,0.023619755,0.027677694,0.061378608,0.357207847
1,0.067638388,0.035447829,0.020962987,0.020417076,0.013211049,0.010663464,0.009080322,0.010863631,0.01179168,0.01817884,0.023856316,0.037030971,0.044764712,0.043290752,0.026695054,0.019980347,0.014120901,0.013775157,0.010426903,0.011828074,0.015139935,0.021563489,0.022364159,0.030025112,0.069148743,0.377734105
1,0.054948265,0.036482045,0.017151552,0.020316494,0.013889227,0.013694461,0.01100426,0.013353621,0.01313451,0.015885575,0.02187462,0.040693853,0.059500913,0.044138771,0.022507608,0.017577602,0.01347535,0.01398661,0.011503348,0.014132684,0.015824711,0.021740718,0.023384054,0.029202678,0.065964699,0.374631771
1,0.054336354,0.033427958,0.010299523,0.016195363,0.009498854,0.01160971,0.008770972,0.014594024,0.012119227,0.021199549,0.025293882,0.04152564,0.047476071,0.048749864,0.02585799,0.02451141,0.014503039,0.018724752,0.01179168,0.016268152,0.014357463,0.02291007,0.020708229,0.024566001,0.078756778,0.371947447
1,0.046378601,0.027530864,0.016419753,0.018683128,0.013703704,0.01308642,0.013497942,0.017119342,0.017160494,0.024979424,0.035349794,0.057695473,0.076337449,0.061069959,0.031522634,0.021316872,0.015720165,0.015679012,0.010823045,0.011934156,0.01473251,0.0181893,0.017942387,0.022633745,0.050493827,0.33
1,0.042572718,0.025474179,0.011715972,0.019339209,0.013501893,0.016073289,0.013319994,0.019016751,0.019074628,0.025995072,0.03217965,0.052469697,0.060845336,0.058761761,0.035098308,0.029277529,0.020389265,0.021447588,0.016031948,0.019231723,0.017776528,0.022142113,0.017817869,0.019355746,0.055967126,0.315124105
1,0.032427121,0.023164829,0.005331732,0.018961313,0.012956291,0.019761983,0.014539433,0.023692543,0.021326928,0.030716599,0.037667868,0.058958402,0.064508498,0.068038723,0.042744841,0.036266696,0.026076355,0.029570186,0.0227281,0.026039961,0.021417913,0.021781854,0.016541107,0.01160971,0.058922007,0.254249008
1,0.016634704,0.01605103,0.004377554,0.016551322,0.011131493,0.015550738,0.010964729,0.020136746,0.019428,0.030100892,0.039814892,0.07904611,0.10610356,0.111064788,0.047611106,0.038439089,0.024597682,0.030684566,0.015925957,0.022763279,0.015092137,0.019886601,0.011506712,0.011381639,0.077670308,0.187484366
1,0.039160073,0.023712721,0.011539866,0.019975654,0.016226415,0.018283628,0.016968959,0.021947657,0.023639684,0.030906878,0.039184419,0.061485088,0.077054169,0.069214851,0.040925137,0.030152161,0.021119903,0.020231284,0.016250761,0.01880706,0.017553256,0.020657334,0.017626293,0.017942788,0.046463786,0.262970177
1,0.052065663,0.028207934,0.018166895,0.022352941,0.016388509,0.01622435,0.015403557,0.016990424,0.018495212,0.02248974,0.030369357,0.049384405,0.056497948,0.048837209,0.031354309,0.024487004,0.017209302,0.017181943,0.013926129,0.014801642,0.016607387,0.021860465,0.01994528,0.024760602,0.054911081,0.331080711
1,0.041816059,0.027932961,0.011548403,0.017260068,0.011089802,0.014550154,0.012882515,0.018218961,0.014841991,0.024847828,0.0296006,0.052072042,0.059909947,0.059242892,0.030601184,0.026098557,0.019344618,0.021053948,0.01350788,0.018969399,0.016593013,0.021053948,0.019803219,0.021887768,0.06045193,0.334820312
